5852.466 ...... 5852.488 0.022 0.13 3
5944.837 ...... 5944.834 0.003 0.14 3
6074.324 ...... 6074.338 0.014 0.12 4
6143.058 ...... 6143.063 0.005 0.14 4
6163.583 ...... 6163.594 0.011 0.12 3
6217.262 ...... 6217.281 0.019 0.17 3
6266.490 ...... 6266.495 0.005 0.16 4
6304.794 ...... 6304.789 0.005 0.14 3
6334.424 ...... 6334.428 0.004 0.15 4
6382.984 ...... 6382.992 0.008 0.15 4
6402.245 ...... 6402.246 0.001 0.15 5
6506.518 ...... 6506.528 0.010 0.19 4
6598.906 ...... 6598.953 0.047 0.21 3
6678.272 ...... 6678.276 0.004 0.15 4
6717.035 ...... 6717.043 0.008 0.16 4
6929.456 ...... 6929.467 0.011 0.16 3
7032.414 ...... 7032.413 0.001 0.16 5
7173.974 ...... 7173.938 0.036 0.18 3